# This is for the UR5e with serial number 20205500180
kinematics:
  shoulder:
    x: 0
    y: 0
    z: 0.1626559315841014
    roll: -0
    pitch: 0
    yaw: -2.647266822243598e-09
  upper_arm:
    x: 0.0001347795788824598
    y: 0
    z: 0
    roll: 1.569535127948626
    pitch: 0
    yaw: -2.840841646637525e-07
  forearm:
    x: -0.4252667665415538
    y: 0
    z: 0
    roll: 0.0001193959114122754
    pitch: 0.001634560233032949
    yaw: 5.127908132731995e-07
  wrist_1:
    x: -0.3926502730759053
    y: -0.0003213588116811548
    z: 0.1336129230843595
    roll: 0.00240514304010735
    pitch: -0.001479176317022135
    yaw: -3.85027703340415e-07
  wrist_2:
    x: 8.313354515751413e-05
    y: -0.09972355221374948
    z: 0.0001160385629529125
    roll: 1.569632724937501
    pitch: 0
    yaw: 9.636330418886412e-08
  wrist_3:
    x: 8.839283945764682e-05
    y: 0.09956184873034458
    z: 0.0001467042736792893
    roll: 1.57226982461937
    pitch: 3.141592653589793
    yaw: 3.141592618017516
  hash: calib_2497306754845887307