# This is for the UR with serial number 20205500607
kinematics:
  shoulder:
    x: 0
    y: 0
    z: 0.1627243952208831
    roll: -0
    pitch: 0
    yaw: 2.258136382743414e-08
  upper_arm:
    x: 9.649535333743375e-05
    y: 0
    z: 0
    roll: 1.569249202356906
    pitch: 0
    yaw: -4.142610944786129e-06
  forearm:
    x: -0.4254805574468689
    y: 0
    z: 0
    roll: 0.002591716519267458
    pitch: 0.001997539131859664
    yaw: -3.756611725485465e-06
  wrist_1:
    x: -0.3926345641313231
    y: -0.0006787609096112123
    z: 0.133599497851756
    roll: 0.005080521113668472
    pitch: -0.001114357038318402
    yaw: 9.345962140690578e-06
  wrist_2:
    x: 0.0001178732204023574
    y: -0.09968860158466301
    z: 7.530769703146396e-05
    roll: 1.57004089757321
    pitch: 0
    yaw: -5.346355730559415e-07
  wrist_3:
    x: 1.497125508752581e-05
    y: 0.0994991011347295
    z: 5.748207633002328e-05
    roll: 1.571374041259445
    pitch: 3.141592653589793
    yaw: -3.141592628727195
  hash: calib_10140426209604474265