# This is for the UR with serial number 2018357778
kinematics:
  shoulder:
    x: 0
    y: 0
    z: 0.08944009555106554
    roll: -0
    pitch: 0
    yaw: 2.422678443407337e-05
  upper_arm:
    x: 4.07417624699701e-05
    y: 0
    z: 0
    roll: 1.569511474557419
    pitch: 0
    yaw: 2.866066093187438e-05
  forearm:
    x: -0.4254332748895773
    y: 0
    z: 0
    roll: 3.136070502045831
    pitch: 3.139255481443772
    yaw: -3.141528807423251
  wrist_1:
    x: -0.3920734181346443
    y: 0.0006839104055493803
    z: 0.1111472508334396
    roll: 3.135439538966955
    pitch: 3.139661176753242
    yaw: 3.135713596562521
  wrist_2:
    x: -0.0001860295602612716
    y: -0.09491931483517044
    z: 2.391934006200092e-05
    roll: 1.570544330248175
    pitch: 0
    yaw: -3.042485397803475e-05
  wrist_3:
    x: 0.0001268707495045101
    y: 0.08263327841833561
    z: 2.658088988418169e-05
    roll: 1.571117999727112
    pitch: 3.141592653589793
    yaw: -3.141568093324675
  hash: calib_5391516846921697092