# This is for the UR with serial number 20205500181
kinematics:
  shoulder:
    x: 0
    y: 0
    z: 0.1626277137537478
    roll: -0
    pitch: 0
    yaw: 1.470993568895748e-07
  upper_arm:
    x: 0.0001567234368502498
    y: 0
    z: 0
    roll: 1.569137577141534
    pitch: 0
    yaw: 7.192707601704483e-06
  forearm:
    x: -0.4254341234994051
    y: 0
    z: 0
    roll: 3.140038738143298
    pitch: 3.139425876763887
    yaw: 3.141589834503661
  wrist_1:
    x: -0.3926162939102693
    y: -0.0005920196004974522
    z: 0.1336649118459673
    roll: 0.004429103502995373
    pitch: -0.0008746846383682569
    yaw: 4.597098985501307e-06
  wrist_2:
    x: 3.992336607872532e-05
    y: -0.09973138729187131
    z: 5.217835060069188e-05
    roll: 1.570273137984867
    pitch: 0
    yaw: 3.488006209564239e-07
  wrist_3:
    x: -1.579605539074704e-05
    y: 0.09977066240194804
    z: -4.462583579905544e-05
    roll: 1.570349042676011
    pitch: 3.141592653589793
    yaw: -3.141592541270077
  hash: calib_4517923907400088684