kinematics:
  shoulder:
    x: 0
    y: 0
    z: 0.0892795739838422
    roll: -0
    pitch: 0
    yaw: -1.372428740606553e-05
  upper_arm:
    x: 0.0001298333079647873
    y: 0
    z: 0
    roll: 1.570642973887296
    pitch: 0
    yaw: 1.159216330228952e-05
  forearm:
    x: -0.4249927407255726
    y: 0
    z: 0
    roll: 3.141544575566677
    pitch: 3.141258056989769
    yaw: -3.141547941357519
  wrist_1:
    x: -0.3919582400771999
    y: 0.001161330843866965
    z: 0.1106654674396762
    roll: 3.131098971659387
    pitch: 3.138979604311949
    yaw: 3.141566100969229
  wrist_2:
    x: -0.0002553647085556869
    y: -0.09473296389451868
    z: 6.350685479905706e-05
    roll: 1.570125949318306
    pitch: 0
    yaw: 1.99895973980563e-05
  wrist_3:
    x: 0.0002769113618036503
    y: 0.08232662392091306
    z: 2.876763766918989e-05
    roll: 1.571145759762365
    pitch: 3.141592653589793
    yaw: -3.141518379713017
  hash: calib_13805377959428367601