kinematics:
  shoulder:
    x: 0
    y: 0
    z: 0.08930249127205304
    roll: -0
    pitch: 0
    yaw: -3.84310363891486e-05
  upper_arm:
    x: 0.0002107684237541585
    y: 0
    z: 0
    roll: 1.570672010212541
    pitch: 0
    yaw: -1.780951514773129e-05
  forearm:
    x: -0.4250579069933035
    y: 0
    z: 0
    roll: 3.140570057931126
    pitch: 3.1411819229226
    yaw: -3.141490411428018
  wrist_1:
    x: -0.3921267877371463
    y: -0.0002003326875048412
    z: 0.1109362578929376
    roll: 0.001805834030692282
    pitch: 0.001152183699033996
    yaw: -1.809064648861627e-05
  wrist_2:
    x: -0.000381384831384591
    y: -0.09479573044857525
    z: 8.379625642165081e-05
    roll: 1.569912360458026
    pitch: 0
    yaw: 0.0001143050112676717
  wrist_3:
    x: 0.0003716291223639085
    y: 0.08245499418900931
    z: 3.155195736993613e-05
    roll: 1.571178983493138
    pitch: 3.141592653589793
    yaw: -3.141552268542566
  hash: calib_13512087369864131283